1.890317451437668409e+06
1.863044706731863320e+06
1.751738844697884517e+06
2.244497098137100227e+06
1.849852082088507712e+06
2.123581622214746196e+06
2.027308400414959993e+06
1.722179504278933164e+06
2.322997592013914138e+06
1.639753499329040060e+06
2.995647109526179265e+06
1.495707491399120307e+06
2.140956268810447305e+06
1.461878590424046153e+06
1.743575332260701340e+06
1.651499016704720678e+06
1.801324340838838601e+06
1.593697181137692882e+06
2.143505713140857872e+06
1.604410983431195375e+06
1.610696751667645760e+06
2.523277933734269813e+06
1.275539087133337976e+06
1.437870785746590002e+06
1.881193397532370640e+06
2.122707333901357837e+06
3.556028785574159119e+06
4.199255213335353881e+06
3.032729614620501641e+06
1.867616836156208767e+06
2.283588021002497058e+06
1.305544060047989478e+06
1.652066907385123195e+06
1.370019141655209241e+06
1.512952755945177749e+06
1.603428856001273729e+06
1.759170013610178605e+06
1.767931986583744176e+06
1.258499654363852227e+06
1.929119759070858127e+06
2.259784302698116284e+06
2.189739159783006646e+06
1.371020648528345395e+06
1.402062414794787532e+06
1.424725148826493416e+06
1.969155249110519886e+06
2.097695707277904265e+06
1.407462767619966296e+06
1.287531003231415059e+06
1.124886860115509713e+06
1.518492484170374461e+06
1.596715182056698250e+06
1.448673063448873581e+06
1.338138853449995397e+06
1.608853851756234886e+06
1.715602621374401497e+06
1.416111262723599793e+06
1.303311105564114405e+06
1.431196000369146001e+06
