1.626767776820477331e+06
1.631515122925695730e+06
1.424071804880267242e+06
1.881120160143285058e+06
1.560101575072005391e+06
1.858748887880816357e+06
1.827994396622178378e+06
1.446789427235847339e+06
1.903036380975337466e+06
1.260322086619528942e+06
1.993533697514645988e+06
1.405722782941650366e+06
1.544770026607112726e+06
1.424050500047048787e+06
1.685803611686530756e+06
1.426465625185493147e+06
1.431291540854799794e+06
1.568840844376828754e+06
2.143159067045894917e+06
1.514760283068228979e+06
2.236302153100077063e+06
2.821881297032119706e+06
1.577712363362700678e+06
2.305033417452613357e+06
1.895692072538017295e+06
1.738547529740953818e+06
2.537200105372870341e+06
2.985782966953061055e+06
2.126900263858268503e+06
1.895045797839800129e+06
1.995079482373703970e+06
1.354050585654914379e+06
1.938976777963989880e+06
1.725046854011312826e+06
1.443460026077642804e+06
1.818806146548514953e+06
1.903944207499406999e+06
1.806661681968827266e+06
1.317373321551108500e+06
1.850501876626116922e+06
1.997606871424249839e+06
2.249027350392513443e+06
1.291233347216317430e+06
1.347123550705645699e+06
1.415264863432009937e+06
2.081307083086626139e+06
1.849631184069409035e+06
1.528488581973819062e+06
1.450802071028672624e+06
1.349443279295253102e+06
1.775435194009071914e+06
1.644964394012568053e+06
1.429787618661639979e+06
1.407445231793015730e+06
1.872637444318838418e+06
1.746016992238940671e+06
1.779178480176740093e+06
1.452809154151536757e+06
1.542606721077273134e+06
