1.868858442623274401e+06
1.861108925341586117e+06
1.635191777327777585e+06
2.057319464921794832e+06
1.821933833393808687e+06
2.093092672196212923e+06
2.030305240232743090e+06
1.722573315338477027e+06
2.294228514181192499e+06
1.554276783416850492e+06
3.017319892591142096e+06
1.498009571769138332e+06
2.143619316852722783e+06
1.468949055966666667e+06
1.768181157503481489e+06
1.528139459071157733e+06
1.794213433924542274e+06
1.523047667158912634e+06
2.143690143162018619e+06
1.604638573398066219e+06
1.548465192072314676e+06
2.254532714463472366e+06
1.276644977624254301e+06
1.435112369231643621e+06
1.868318623249464901e+06
2.125331243240983225e+06
3.428583941959981807e+06
3.856960780854046810e+06
3.003058263647199608e+06
1.876762772953953128e+06
2.286472292469950859e+06
1.305817703901199857e+06
1.625906457603160059e+06
1.426468724242620170e+06
1.526896002977964701e+06
1.603767080236708280e+06
1.772005915238644928e+06
1.772644167724124389e+06
1.324501322574484162e+06
1.882205257127070334e+06
2.246347941609804984e+06
2.220897982488231268e+06
1.376013696714699036e+06
1.403039443753242958e+06
1.407464129589320626e+06
1.705252545942567755e+06
2.082874565263441065e+06
1.407128897320721764e+06
1.300225863144895062e+06
1.128257311342311092e+06
1.494428425105640665e+06
1.461890591828418197e+06
1.420309531532743713e+06
1.406089787393764360e+06
1.630418078556993976e+06
1.716859805385314394e+06
1.411121343499768991e+06
1.407983718640815932e+06
1.455094381950323936e+06
