1.620268694817310898e+06
1.629315591128439410e+06
1.425582493072034093e+06
1.903336033981082030e+06
1.591332613218523562e+06
1.851242842225998640e+06
1.821162201178057818e+06
1.442596740101404488e+06
1.843373997635351028e+06
1.258501306340268580e+06
1.956007156649602111e+06
1.380849126852978254e+06
1.523071795940617798e+06
1.434481509690623032e+06
1.652756642124305479e+06
1.439557053355596727e+06
1.430424360899101011e+06
1.566228529106962029e+06
2.143075320128211286e+06
1.510709861790153431e+06
2.177232859217579011e+06
2.893971316209060606e+06
1.587746527451087022e+06
2.477418046661520842e+06
1.922520445114926668e+06
1.749535959026494063e+06
2.489616775164455175e+06
3.014209382710132282e+06
2.144483926039187238e+06
1.913996928589586634e+06
2.012084866610691417e+06
1.360944383193641901e+06
1.936909938854721142e+06
1.758131613942075986e+06
1.440336471923270030e+06
1.867203107232527109e+06
1.927094335312753450e+06
1.824392445739130955e+06
1.274694847749154549e+06
1.861483955518093426e+06
2.010484522796810837e+06
2.262056925096253864e+06
1.288839349162394414e+06
1.365549491436316632e+06
1.382248733526875731e+06
2.148682604590468109e+06
1.803298244823219255e+06
1.606433569400463486e+06
1.455676823723055655e+06
1.366719880143894581e+06
1.768278125394977164e+06
1.685070763901365222e+06
1.473645291289969347e+06
1.431507346881603356e+06
1.882357911502350122e+06
1.774643629050385207e+06
1.773856008685528999e+06
1.428305283114848891e+06
1.538189357979441993e+06
