1.556071360628086375e+06
1.618409021373086609e+06
1.421278092865838204e+06
1.874221072110231034e+06
1.535262575825299369e+06
1.848708341538141714e+06
1.823383719771074131e+06
1.438362942559608724e+06
1.878240218279380817e+06
1.274320952537937555e+06
1.947688780773436651e+06
1.416884506535667228e+06
1.500966806335702306e+06
1.422229812869128771e+06
1.663945114168951986e+06
1.426704847610752098e+06
1.429570555465114536e+06
1.567572721137095476e+06
2.144069842755341437e+06
1.511744167540710419e+06
2.240019981504082214e+06
2.919076429007709492e+06
1.555136975777520100e+06
2.329411970418758690e+06
1.872612953412422910e+06
1.736202432446905877e+06
2.493713222342405468e+06
2.957734049667976797e+06
2.095382083149132784e+06
1.906809178716694238e+06
2.014502582205518382e+06
1.361358411978583783e+06
1.970944720785293495e+06
1.798793566064607352e+06
1.402058913692921633e+06
1.828641475804022048e+06
1.879290948822467355e+06
1.804927013036943041e+06
1.290782415108075598e+06
1.856357703387819929e+06
1.999510349462936400e+06
2.252503390153439716e+06
1.292424131814416265e+06
1.349435264402262866e+06
1.411612331039745128e+06
2.167103584344569594e+06
1.721653468326799106e+06
1.527657253492372576e+06
1.413898378786470275e+06
1.356327070360374637e+06
1.774746853034956148e+06
1.662051514648715500e+06
1.429375147220916580e+06
1.413942341706666630e+06
1.893645903651031200e+06
1.751970120690197451e+06
1.799829825718235224e+06
1.463682830786014674e+06
1.514988784670083318e+06
